1
8
14
24
37
40
43
45
46
54
55
60
67
71
73
80
81
92
99
121
122
126
127
132
137
141
143
144
149
157
159
164
169
176
189
194
206
212
218
224
242
249
258
268
269
273
274
277
293
298
319
325
326
329
341
345
357
371
382
383
385
386
416
417
422
429
430
433
434
435
438
439
450
452
453
471
475
482
518
533
543
560
563
567
570
572
578
587
589
599
604
605
607
611
617
621
624
627
629
645
650
656
657
668
673
674
681
682
691
694
697
699
706
712
713
714
715
719
724
731
746
751
753
756
763
764
767
769
785
788
789
790
803
806
807
812
822
823
825
829
832
839
846
850
851
853
867
869
870
879
881
889
895
898
904
910
911
912
916
924
928
935
938
946
949
956
964
968
1008
1018
1046
1051
1060
1078
1079
1095
1169
1174
1192
1202
1205
1211
1212
1225
1226
1230
1240
1245
1247
1251
1254
1255
1256
1261
1263
1268
1275
1276
1280
1290
1312
1313
1316
1320
1324
1326
1330
1333
1336
1338
1342
1350
1357
1359
1367
1370
1372
1381
1383
1388
1389
1409
1415
1419
1428
1457
1458
1469
1472
1477
1484
1485
1494
1496
1497
1498
1500
1501
1506
1509
1520
1528
1531
2007
2020
2023
2024
2047
2049
2081
2085
2089
2093
2097
2126
2147
2161
2168
2170
2176
2183
2191
2220
2223
2227
2234
2237
2252
2261
2263
2272
2274
2275
2276
2282
2301
2306
2314
2322
2326
2332
2334
2339
2355
2364
2367
2424
2430
2440
2443
2444
2447
2455
2463
2468
2471
2477
2481
2489
2496
2504
2537
2546
2550
2554
2555
2557
2559
2566
2589
2590
2603
2615
2623
2630
2631
2646
2650
2656
2671
2692
2694
2697
2707
2715
2718
2740
2747
2754
2755
2758
2777
2802
2816
2829
2841
2847
2862
2881
2898
2903
2905
2908
2923
2942
2944
2946
2958
2961
2968
2970
2973
2987
2988
3017
3019
3028
3062
3068
3081
3093
3097
3108
3110
3112
3113
3128
3150
3156
3165
3170
3172
3178
3186
3192
3205
3207
3265
3274
3276
3282
3288
3289
3294
3297
3304
3310
3327
3333
3336
3351
3368
3379
3407
3420
3468
3471
3476
3514
3527
3547
3566
3590
3596
3601
3604
3621
3625
3632
3657
3668
3706
3732
3742
3749
3751
3755
3763
3766
3775
3785
3811
3834
3869
3884
3888
3891
3906
3913
3916
3944
3950
3953
3963
3967
3982
3999
4008
4029
4048
4049
4078
4092
4104
4123
4127
4135
4145
4150
4164
4165
4167
4180
4182
4207
4216
4232
4243
4259
4260
4261
4262
4274
4284
4314
4321
4344
4352
4367
4371
4383
4423
4428
4463
4465
4468
4473
4480
4482
4490
4494
4498
4500
4501
4526
4528
4531
4547
4566
4580
4597
4604
4613
4615
4646
4649
4680
4686
4697
4712
4740
4741
4746
4778
4779
4796
4799
4821
4842
4846
4851
4854
4862
4873
4879
4884
4893
4924
4958
4982
4991
6025
6031
6039
6042
6043
6049
6053
6054
6072
6081
6082
6087
6088
6092
6094
6117
6120
6167
6198
6213
6224
6225
6229
6232
6235
6237
6239
6245
6246
6248
6249
6250
6251
6254
6260
6264
6266
6267
6268
6269
6272
6274
6276
6278
6287
6289
6291
6295
6298
6299
6304
6307
6316
6317
6318
6320
6323
6324
6325
6326
6327
6328
6329
6330
6331
6332
6333
6334
6335
6338
6340
6341
6342
6344
6345
6346
6348
6349
6350
6351
6352
6357
6358
6360
6363
6364
6367
6368
6373
6374
6379
6380
6384
6385
6386
6387
6388
6390
6392
6393
6396
6398
6400
6402
6405
6406
6407
6408
6409
6410
6411
6413
6417
6418
6420
6424
6426
6427
6428
6429
6430
6431
6433
6434
6435
6436
6437
6438
6439
6441
6444
6445
6446
6447
6450
6451
6452
6453
6454
6455
6456
6475
6476
6477
6478
6479
6482
6485
6487
6488
6489
6490
6491
6493
6495
6498
6501
6503
6504
6505
6506
6507
6508
6509
6510
6511
6512
6513
6514
6517
6518
6519
6520
6521
6523
6524
6526
6531
6533
6535
6536
6538
6540
6544
6545
6546
6547
6548
6549
6552
6554
6557
6558
6559
6560
6561
6562
6563
6564
6565
6567
6568
6569
6571
6572
6574
6575
6576
6577
6580
6581
6582
6583
6585
6586
6588
6589
6590
6591
6592
6593
6594
6595
6597
6598
6599
6600
6601
6602
6603
6604
6607
6609
6612
6616
6618
6619
6621
6623
6624
6625
6626
6629
6630
6631
6632
6633
6634
6635
6636
6637
6639
6641
6642
6643
6644
6647
6648
6649
6655
6657
6658
6659
6660
6661
6662
6663
6664
6666
6668
6669
6670
6674
6675
6676
6678
6679
6680
6681
6686
6687
6689
6692
6693
6695
6696
6714
6715
6716
6717
6718
6719
6722
6723
6724
6725
6726
6727
6728
6730
6731
6733
6734
6736
6737
6738
6740
6741
6745
6746
6747
6749
6750
6751
6752
6753
6754
6755
6756
6757
6758
6759
6762
6763
6764
6765
6767
6768
6769
6770
6773
6776
6777
6779
6780
6782
6783
6784
6785
6786
6787
6788
6789
6792
6794
6797
6798
6799
6800
6801
6802
6803
6804
6806
6807
6809
6810
6811
6813
6814
6815
6817
6818
6822
6823
6824
6825
6826
6827
6829
6830
6832
6834
6836
6838
6839
6841
6844
6845
6846
6847
6848
6851
6852
6853
6854
6856
6857
6858
6860
6861
6862
6863
6864
6865
6866
6868
6869
6870
6872
6873
6874
6875
6876
6877
6878
6880
6881
6882
6883
6886
6887
6888
6894
6895
6896
6897
6898
6899
6900
6902
6903
6904
6905
6906
6908
6909
6911
6912
6913
6915
6916
6918
6919
6921
6922
6923
6924
6925
6926
6927
6928
6929
6930
6931
6932
6933
6934
6935
6936
6937
6938
6939
6940
6941
6942
6944
6948
6949
6950
6951
6952
6953
6954
6956
6960
6961
6962
6963
6965
6967
6969
6970
6971
6973
6974
6977
6978
6985
6993
6994
6997
6999
7000
7002
7003
7004
7005
7006
7007
7008
7009
7010
7011
7012
7013
7014
7016
7017
7018
7019
7020
7021
7022
7025
7027
7028
7029
7030
7031
7032
7033
7034
7035
7036
7037
7038
7039
7040
7042
7043
7046
7047
7049
7050
7052
7054
7056
7059
7060
7062
7063
7064
7065
7066
7067
7068
7069
7071
7072
7073
7074
7075
7076
7078
7079
7080
7081
7082
7083
7084
7085
7086
7087
7089
7090
7091
7092
7094
7095
7096
7097
7099
7100
7101
7102
7104
7106
7107
7108
7109
7111
7112
7113
7114
7115
7116
7117
7120
7122
7123
7124
7125
7126
7127
7128
7129
7130
7131
7132
7133
7134
7135
7136
7137
7139
7140
7141
7143
7144
7145
7146
7147
7148
7149
7150
7151
7152
7155
7156
7158
7159
7164
7165
7166
7167
7168
7169
7170
7171
7172
7173
7174
7175
7176
7178
7179
7180
7181
7182
7183
7184
7185
7186
7187
7188
7189
7190
7191
7192
7193
7194
7195
7196
7197
7198
7199
7200
7202
7205
7206
7207
7208
7209
7210
7211
7213
7214
7217
7218
7219
7220
7221
7222
7223
7224
7225
7231
7232
7233
7234
7236
7237
7238
7240
7241
7242
7243
7244
7245
7246
7247
7248
7249
7250
7251
7252
7253
7254
7255
7256
7257
7258
7259
7260
7261
7263
7264
7265
7266
7267
7268
7269
7270
7271
7272
7273
7274
7275
7276
7277
7278
7279
7280
7281
7282
7283
7284
7285
7286
7287
7288
7289
7290
7291
10001
10006
10015
10016
10022
10027
10031
10043
10052
10056
10059
10061
10068
10070
10074
10076
10080
10085
10087
10100
10102
10113
10120
10132
10141
10152
10154
10159
10179
10184
10188
10203
10210
10214
10228
10234
10239
10243
10250
10251
10272
10274
10281
10293
10423
10445
10458
10473
10497
10501
10502
10506
10510
10555
10600
10603
10609
10611
10615
10633
10636
10638
10639
10644
10647
10654
10661
10667
10678
10688
10694
10717
10718
10725
10729
10735
10738
10740
10743
10750
10755
10757
10760
10767
10770
10774
10777
10784
10806
10811
10816
10826
10836
10838
10850
10859
10860
10864
10885
10890
10895
10924
10928
10935
10938
10940
10954
10972
10973
10976
10977
10982
10984
10986
11006
11012
11013
11016
11023
11036
11049
11055
11059
11060
11066
11069
11072
11075
11079
11088
11092
11106
11108
11110
11118
11124
11125
11135
11145
11149
11150
11151
11155
11163
11170
11175
11176
11177
11180
11200
11202
11209
11215
11218
11219
11225
11237
11240
11241
11254
11255
11256
11260
11261
11268
11272
11280
11282
11285
11288
11292
11296
11297
11299
11315
11320
11350
11356
11361
11371
11374
11375
11379
11400
11404
11405
11415
11421
11422
11429
11433
11434
11440
11441
11448
11473
11479
11491
11497
11499
11523
11528
11540
11550
11556
11558
11560
11570
11576
11577
11578
11583
11586
11587
11592
11600
11602
11603
11608
11616
11617
11619
11621
11629
11632
11633
11639
11649
11662
11663
11690
11698
11702
11703
11707
11708
11713
11717
11720
11723
11724
11729
11731
11740
11743
11747
11758
11760
11761
11779
11790
11794
11801
11802
11803
11807
11811
11815
11818
11828
11835
11863
11864
11876
11880
11900
11903
11917
11939
11950
11952
11968
11974
11978
11990
11992
11999
12014
12015
12018
12023
12025
12028
12038
12049
12061
12063
12066
12074
12076
12078
12082
12087
12092
12103
12120
12125
12151
12160
12162
12165
12170
12173
12174
12175
12177
12179
12211
12214
12219
12225
12234
12236
12239
12264
12265
12280
12282
12291
12292
12298
12303
12319
12321
12349
12360
12370
12372
12378
12410
12418
12428
12429
12430
12439
12441
12442
12449
12451
12454
12461
12503
12506
12535
12558
12569
12571
12576
12583
12592
12597
12598
12600
12601
12602
12605
12617
12623
12626
12639
12642
12648
12660
12701
12707
12718
12722
12723
12724
12729
12732
12733
12755
12760
12762
12771
12782
12787
12790
12794
12800
12803
12808
12809
12813
12823
12829
12830
12832
12835
12839
12847
12851
12855
12857
12873
12874
12876
12877
12878
12884
12891
12902
12904
12922
12927
12933
12937
12938
12944
12967
12968
12969
12977
12980
12992
12993
13002
13005
13008
13010
13015
13022
13034
13040
13049
13053
13062
13066
13077
13080
13086
13100
13106
13114
13146
13190
13198
13199
13200
13201
13210
13218
13230
13258
13267
13291
13307
13308
13312
13314
13316
13321
13334
13358
13376
13387
13400
13407
13410
13414
13415
13430
13434
13435
13441
13442
13443
13444
13452
13467
13469
13471
13475
13476
13486
13488
13492
13503
13514
13521
13528
13533
13536
13542
13590
13592
13599
13605
13610
13615
13623
13646
13649
13659
13662
13665
13677
13679
13691
13705
13711
13725
13734
13738
13741
13745
13759
13771
13774
13775
13777
13796
13807
13808
13815
13816
13820
13870
13873
13881
13888
13892
13896
13902
13907
13911
13924
13934
13946
13955
13961
13962
13975
13982
14012
14035
14042
14043
14049
14051
14061
14075
14076
14080
14084
14087
14091
14099
14111
14118
14130
14134
14139
14149
14174
14207
14213
14256
14267
14274
14292
14293
14294
14306
14311
14314
14319
14325
14332
14341
14351
14352
14355
14360
14366
14369
14377
14393
14445
14465
14502
14520
14521
14525
14529
14536
14544
14546
14554
14570
14572
14577
14587
14595
14596
14604
14616
14618
14623
14627
14628
14629
14630
14631
14651
14670
14672
14676
14677
14685
14691
14694
14698
14699
14705
14719
14730
14740
14752
14765
14768
14769
14772
14785
14793
14798
14814
14829
14832
14866
14873
14876
14894
14909
14913
14946
14955
14958
14973
14983
15018
15019
15022
15024
15038
15044
15051
15087
15093
15094
15098
15104
15105
15122
15128
15138
15141
15146
15159
15165
15199
15205
15226
15252
15257
15279
15364
15407
15408
15430
15439
15444
15448
15467
15476
15505
15523
15535
15560
15615
15616
15618
15634
15636
15637
15640
15646
15647
15660
15683
15701
15710
15716
15729
15736
15737
15740
15747
15763
15772
15780
15789
15793
15794
15795
15809
15811
15831
15835
15838
15845
15849
15861
15877
15885
15890
15921
15928
15945
15961
15968
15972
15973
15974
15976
15984
15992
16000
16012
16017
16031
16033
16040
16044
16051
16063
16066
16087
16108
16124
16137
16144
16146
16152
16154
16155
16156
16162
16163
16167
16188
16204
16209
16211
16228
16233
16235
16245
16274
16284
16286
16288
16298
16323
16339
16340
16354
16360
16372
16377
16380
16395
16426
16430
16438
16441
16450
16491
16512
16519
16546
16551
16555
16565
16574
16584
16601
16603
16605
16607
16639
16665
16667
16676
16693
16701
16732
16735
16741
16747
16751
16757
16758
16769
16777
16780
16784
16808
16827
16831
16839
16847
16857
16882
16896
16898
16900
16928
16951
16955
16957
16961
16962
16968
16970
16971
16978
16981
16984
16991
17003
17025
17030
17032
17035
17036
17038
17054
17056
17064
17065
17066
17078
17093
17098
17099
17109
17113
17127
17128
17131
17138
17149
17154
17190
17195
17208
17209
17214
17221
17228
17230
17246
17250
17271
17293
17297
17300
17330
17372
17394
17397
17438
17500
17523
17529
17540
17554
17569
17580
17590
17602
17607
17619
17620
17631
17658
17681
17689
17703
17704
17708
17736
17744
17768
17773
17783
17816
17825
17826
17830
17846
17855
17856
17858
17863
17879
17882
17893
17906
17908
17909
17914
17925
17931
17941
17948
17950
17951
17955
17961
17968
17979
17984
17997
18066
18085
18087
18089
18095
18109
18113
18119
18157
18165
18169
18192
18210
18214
18233
18244
18273
18289
18296
18302
18310
18348
18350
18355
18366
18378
18387
18396
18402
18418
18422
18430
18438
18460
18462
18470
18474
18477
18510
18519
18534
18544
18554
18566
18569
18572
18578
18579
18585
18599
18641
18655
18667
18673
18675
18682
18685
18691
18696
18720
18733
18773
18798
18801
18805
18816
18817
18819
18822
18823
18824
18835
18840
18846
18853
18858
18859
18864
18891
18896
18902
18921
18923
18931
18945
18948
18950
18956
18965
18984
18996
19032
19033
19048
19068
19071
19078
19092
19093
19100
19119
19121
19146
19160
19192
19195
19206
19208
19213
19239
19242
19256
19267
19279
19287
19291
19301
19302
19303
19304
19307
19310
19313
19315
19328
19329
19332
19338
19341
19343
19368
19380
19384
19393
19396
19450
19461
19468
19473
19486
19496
19503
19507
19511
19531
19532
19533
19535
19550
19551
19557
19569
19597
19598
19609
19615
19624
19625
19627
19641
19650
19658
19664
19665
19667
19668
19669
19671
19675
19680
19690
19700
19702
19716
19719
19721
19723
19728
19753
19757
19777
19789
19798
19803
19815
19840
19843
19846
19847
19882
19887
19921
19933
19963
19964
19969
19970
19977
19997
20001
20003
20004
20009
20017
20019
20028
20049
20059
20060
20073
20118
20121
20128
20129
20130
20144
20160
20170
20174
20180
20189
20191
20202
20210
20234
20250
20253
20257
20261
20264
20277
20287
20299
20305
20313
20334
20338
20342
20354
20360
20384
20430
20444
20451
20461
20471
20472
20485
20499
20515
20520
20521
20544
20553
20561
20567
20581
20584
20602
20605
20606
20612
20617
20620
20631
20649
20667
20695
20705
20711
20713
20715
20721
20727
20731
20745
20756
20767
20772
20780
20792
20795
20833
20874
20882
20904
20913
20916
20928
20939
20977
20980
20985
21001
21035
21048
21074
21087
21204
21221
21227
21228
21233
21234
21239
21242
21243
21265
21271
21272
21275
21277
21280
21286
21292
21296
21300
21303
21312
21313
21316
21326
21339
21345
21357
21359
21364
21372
21374
21377
21385
21408
21416
21425
21434
21441
21442
21458
21469
21471
21472
21481
21500
21502
21503
21516
21529
21534
21552
21554
21559
21570
21588
21646
21658
21662
21663
21673
21679
21700
21714
21724
21727
21733
21750
21757
21776
21783
21799
21806
21824
21831
21842
21853
21864
21907
21932
21937
21947
21954
21956
21957
21959
21965
21966
21973
21991
21994
21996
21998
22003
22006
22009
22017
22036
22042
22054
22062
22069
22072
22074
22098
22101
22106
22115
22116
22122
22125
22131
22136
22138
22144
22145
22150
22200
22201
22207
22210
22212
22215
22221
22237
22242
22247
22252
22258
22272
22294
22295
22305
22309
22316
22319
22322
22338
22339
22340
22344
22370
22377
22386
22388
22392
22399
22402
22413
22441
22447
22450
22455
22457
22461
22464
22467
22475
22476
22479
22480
22484
22488
22496
22507
22519
22520
22524
22533
22539
22556
22558
22568
22635
22642
22680
22715
22759
22788
22814
22858
22868
22879
22890
22894
22897
22899
22910
22918
22937
22938
22945
22954
22955
22963
22975
22979
22980
22981
22983
22991
22992
22993
23014
23054
23067
23076
23082
23116
23133
23136
23165
23178
23185
23189
23191
23214
23216
23223
23236
23254
23264
23273
23286
23288
23289
23290
23294
23303
23314
23318
23345
23352
23360
23367
23368
23369
23387
23392
23426
23433
23434
23445
23459
23462
23473
23526
23580
23581
23617
23621
23635
23666
23685
23697
23719
23725
23726
23738
23739
23764
23771
23804
23835
23853
23869
23884
23886
23892
23914
23918
23928
23937
23941
23942
23973
23985
23994
24000
24004
24005
24010
24032
24040
24044
24057
24070
24089
24093
24095
24096
24101
24108
24110
24114
24120
24128
24142
24147
24155
24167
24171
24174
24180
24192
24196
24204
24221
24249
24265
24289
24320
24338
24355
24357
24365
24368
24371
24392
24397
24400
24405
24422
24434
24449
24456
24468
24470
24472
24490
24501
24505
24509
24519
24521
24523
24535
24538
24539
24544
24550
24553
24555
24580
24584
24592
24635
24637
24645
24736
24748
24774
24798
24811
24836
24845
24857
24858
24859
24861
24886
24889
24902
24903
24905
24906
24907
24908
24915
24916
24920
24927
24944
24957
24963
24970
24972
24977
24982
24988
25003
25011
25025
25034
25035
25047
25064
25078
25086
25098
25114
25137
25148
25155
25177
25203
25206
25208
25210
25245
25270
25283
25303
25318
25323
25327
25329
25331
25333
25341
25346
25348
25351
25354
25398
25399
25404
25421
25432
25436
25438
25440
25441
25442
25461
25464
25508
25605
25606
25615
25628
25647
25654
25662
25697
25698
25711
25714
25717
25718
25723
25741
25757
25779
25785
25791
25828
25838
25844
25860
25915
25924
25965
25981
25982
25983
26028
26032
26055
26056
26065
26072
26077
26083
26102
26103
26108
26113
26116
26124
26145
26154
26175
26178
26179
26190
26192
26201
26231
26232
26255
26271
26291
26320
26322
26351
26380
26385
26439
26444
26467
26469
26492
26496
26507
26509
26510
26552
26580
26581
26590
26597
26600
26602
26606
26619
26622
26634
26642
26658
26696
26709
26726
26738
26755
26756
26767
26793
26797
26799
26806
26821
26823
26831
26834
26854
26859
26889
26895
26900
26902
26908
26911
26918
26928
26929
26942
26943
26955
26957
26958
26970
27020
27025
27040
27055
27067
27074
27091
27114
27116
27120
27130
27131
27197
27199
27217
27219
27227
27252
27254
27256
27265
27280
27289
27297
27300
27321
27323
27327
27351
27360
27362
27383
27387
27391
27437
27478
27480
27530
27571
27593
27601
27632
27636
27640
27642
27668
27673
27687
27692
27706
27714
27717
27740
27746
27766
27768
27782
27785
27791
27793
27852
27857
27867
27876
27895
27902
27903
27908
27912
27918
27920
27932
27947
27955
27959
27960
27961
27992
28002
28008
28028
28036
28040
28043
28046
28055
28077
28083
28085
28110
28119
28123
28125
28126
28127
28134
28137
28140
28143
28154
28159
28161
28176
28183
28195
28214
28245
28260
28264
28270
28272
28273
28280
28282
28283
28284
28287
28289
28293
28296
28310
28318
28320
28329
28332
28338
28342
28344
28347
28348
28352
28356
28357
28369
28376
28386
28402
28410
28412
28418
28428
28434
28447
28450
28454
28458
28460
28465
28475
28477
28483
28487
28492
28493
28498
28505
28512
28531
28545
28556
28566
28567
28582
28601
28614
28623
28631
28637
28644
28651
28652
28664
28678
28696
28698
28702
28715
28716
28726
28729
28733
28738
28740
28752
28754
28755
28757
28765
28769
28774
28797
28818
28847
28856
28860
28879
28890
28892
28895
28903
28911
28913
28916
28924
28925
28932
28934
28944
28945
28949
28961
28965
28973
28985
28987
29000
29006
29036
29043
29065
29068
29074
29080
29096
29101
29120
29146
29175
29187
29198
29203
29204
29206
29211
29212
29213
29215
29217
29219
29220
29221
29224
29226
29227
29241
29248
29269
29278
29284
29285
29289
29292
29304
29306
29308
29310
29321
29323
29325
29331
29333
29340
29345
29351
29352
29368
29372
29376
29377
29384
29386
29388
29389
29391
29393
29395
29399
29403
29405
29406
29415
29418
29425
29435
29441
29455
29461
29470
29485
29490
29502
29503
29505
29535
29548
29560
29568
29583
29584
29596
29605
29606
29607
29617
29620
29623
29633
29639
29640
29643
29644
29645
29647
29651
29653
29660
29665
29667
29680
29682
29688
29693
29701
29703
29704
29708
29711
29717
29718
29720
29721
29736
29741
29748
29759
29760
29763
29770
29771
29772
29780
29790
29791
29793
29823
29832
29863
29864
29883
29887
29909
29926
29930
29951
29958
29959
29962
29979
30008
30012
30013
30049
30069
30100
30101
30104
30109
30129
30137
30144
30203
30220
30255
30270
30294
30313
30326
30334
30355
30356
30370
30372
30392
30402
30419
30434
30437
30443
30458
30475
30485
30495
30499
30504
30511
30546
30566
30573
30577
30578
30613
30630
30673
30704
30712
30717
30720
30725
30729
30741
30746
30747
30748
30755
30761
30774
30777
30784
30787
30795
30797
30800
30807
30810
30822
30835
30837
30846
30869
30883
30890
30914
30919
30940
30957
30958
30964
30974
30977
30982
30983
30990
30997
31018
31020
31024
31030
31041
31056
31057
31058
31061
31091
31096
31112
31120
31148
31150
31171
31187
31191
31211
31228
31242
31250
31263
31271
31275
31288
31305
31342
31346
31375
31382
31409
31424
31427
31430
31438
31442
31475
31481
31490
31504
31513
31520
31536
31549
31556
31557
31558
31561
31564
31601
31621
31640
31642
31647
31651
31656
31666
31667
31689
31692
31701
31710
31719
31721
31722
31744
31745
31750
31752
31769
31770
31787
31798
31799
31800
31811
31816
31820
31824
31825
31831
31836
31849
31856
31861
31867
31873
31875
31879
31881
31884
31889
31890
31912
31916
31924
31927
31941
31945
31947
31956
31958
31959
31963
31966
31967
31971
31987
31992
32006
32016
32023
32028
32032
32037
32038
32041
32052
32053
32064
32066
32067
32068
32070
32075
32076
32082
32089
32090
32092
32096
32100
32106
32111
32118
32120
32130
32132
32134
32136
32139
32150
32169
32175
32185
32189
32192
32194
32201
32203
32208
32216
32232
32254
32256
32266
32271
32273
32274
32290
32296
32317
32321
32331
32336
32347
32358
32360
32362
32375
32376
32378
32399
32409
32424
32429
32430
32453
32480
32491
32496
32499
32505
32514
32520
32525
32527
32592
32605
32610
32614
32626
32630
32633
32636
32638
32644
32647
32648
32656
32658
32663
32685
32686
32688
32693
32694
32696
32700
32703
32711
32714
32719
32723
32731
32735
32739
32748
32751
32757
32764
32768
32797
32808
32816
32855
32858
32861
32863
32890
32904
32925
32944
32951
32965
32966
32973
32982
32988
33006
33011
33012
33025
33043
33046
33053
33057
33069
33072
33095
33106
33107
33127
33154
33160
33170
33190
33192
33212
33218
33227
33229
33231
33233
33241
33248
33250
33257
33280
33287
33288
33302
33309
33319
33343
33356
33367
33374
33376
33382
33388
33410
33413
33418
33421
33422
33426
33427
33431
33439
33444
33446
33447
33455
33466
33473
33477
33480
33489
33495
33507
33512
33518
33520
33521
33524
33531
33541
33542
33543
33546
33552
33560
33561
33572
33580
33606
33609
33615
33622
33627
33630
33631
33635
33659
33660
33670
33692
33695
33705
33722
33737
33742
33748
33751
33752
33754
33763
33775
33783
33786
33789
33796
33808
33814
33824
33825
33829
33832
33833
33837
33838
33849
33852
33868
33869
33874
33875
33877
33880
33883
33884
33885
33887
33889
33891
33893
33901
33902
33907
33915
33918
33920
33922
33927
33934
33935
33936
33944
33950
33951
33952
33967
33973
34003
34004
34007
34009
34010
34018
34019
34035
34041
34071
34088
34097
34099
34107
34119
34125
34139
34158
34168
34170
34171
34182
34200
34234
34261
34272
34326
34338
34341
34344
34380
34411
34422
34423
34427
34428
34435
34438
34447
34462
34481
34484
34490
34494
34495
34498
34505
34509
34513
34526
34528
34535
34561
34579
34593
34598
34602
34604
34610
34612
34622
34635
34636
34657
34664
34667
34668
34670
34679
34681
34694
34696
34700
34707
34708
34742
34748
34752
34753
34785
34801
34813
34817
34871
34878
34903
34912
34930
34941
34944
34956
34957
34961
34965
34972
34974
34991
34992
34997
35000
35015
35021
35027
35033
35037
35045
35137
35200
35202
35243
35247
35268
35277
35320
35333
35385
35393
35407
35437
35441
35444
35460
35465
35478
35503
35512
35529
35530
35541
35556
35558
35570
35573
35591
35600
35603
35605
35659
35680
35681
35682
35683
35691
35695
35698
35708
35709
35716
35739
35741
35743
35783
35786
50001
50005
50007
50008
50012
50014
50015
50016
50020
50022
50025
50027
50028
50033
50036
50039
50043
50044
50048
50050
50076
50081
50082
50085
50094
50099
50100
50107
50114
50131
50137
50138
50149
50153
50161
50165
50176
50177
50179
50180
50192
50193
50198
50199
50201
50202
50208
50222
50228
50241
50243
50244
50245
50252
50255
50258
50259
50262
50266
50269
50270
50272
50273
50274
50278
50285
50287
50289
50315
50321
50322
50327
50331
50341
50350
50354
50357
50363
50364
50383
50385
50387
50394
50397
50398
50401
50412
50414
50420
50426
50428
50445
50447
50450
50459
50470
50473
50480
50483
50489
50499
50502
50504
50520
50532
50534
50535
50536
50540
50541
50542
50543
50544
50548
50552
50554
50557
50559
50562
50571
50573
50577
50580
50581
50592
50598
50604
50605
50607
50608
50613
50614
50616
50617
50622
50626
50627
50628
50630
50631
50634
50639
50640
50651
50652
50654
50657
50659
50660
50663
50666
50669
50673
50674
50676
50680
50684
50689
50695
50701
50703
50705
50708
50709
50711
50713
50715
50717
50722
50728
50729
50730
50732
50738
50740
50743
50747
50750
50758
50761
50763
50765
50768
50769
50771
50781
50783
50785
50787
50789
50791
50797
50800
50803
50804
50806
50818
50823
50828
50831
50839
50840
50849
50850
50852
50857
50864
50865
50867
50879
50884
50890
50893
50898
50904
50912
50913
50917
50918
50921
50922
50925
50927
50929
50941
50943
50947
50954
50955
50961
50963
50966
50970
50975
50984
50989
50994
51002
51003
51010
51012
51013
51017
51022
51024
51028
51037
51046
51049
51061
51062
51064
51065
51068
51071
51072
51077
51088
51090
51092
51094
51099
51114
51130
51133
51136
51140
51147
51155
51156
51168
51171
51181
51183
51186
51187
51188
51190
51195
51199
51208
51209
51214
51215
51217
51221
51222
51223
51226
51230
51234
51235
51239
51241
51244
51247
51253
51254
51256
51257
51259
51264
51265
51266
51268
51270
51278
51279
51280
51287
51290
51295
51297
51298
51299
51303
51313
51324
51329
51335
51338
51343
51344
51351
51352
51355
51358
51359
51361
51374
51381
51389
51400
51403
51404
51432
51433
51456
51488
51493
51494
51496
51501
51514
51515
51525
51529
51532
51544
51545
51599
51613
51618
51621
51622
51625
51648
51651
51670
51685
51686
51703
51715
51718
51730
51739
51748
51755
51756
51788
51801
51807
51828
51834
51835
51838
51842
51844
51873
51875
51886
51908
51912
51918
51919
51928
51972
51973
51981
51987
51988
51992
51995
52001
52002
52005
52007
52010
52019
52030
52031
52033
52039
52040
52053
52072
52079
52081
52089
52113
52118
52121
52128
52129
52132
52142
52146
52151
52158
52159
52163
52175
52179
52184
52189
52190
52197
52202
52220
52224
52236
52239
52244
52247
52257
52259
52264
52266
52279
52282
52284
52290
52292
52298
52301
52305
52307
52310
52312
52315
52319
52324
52327
52329
52337
52339
52340
52346
52347
52350
52353
52356
52364
52366
52368
52371
52376
52378
52393
52398
52401
52413
52429
52443
52452
52462
52472
52482
52483
52501
52502
52503
52511
52512
52516
52519
52521
52523
52525
52529
52531
52533
52535
52538
52540
52544
52546
52548
52554
52556
52559
52560
52570
52587
52589
52590
52594
52595
52596
52597
52599
52601
52625
52640
52642
52644
52648
52650
52665
52669
52673
52676
52677
52680
52682
52683
52686
52690
52701
52706
52708
52709
52710
52711
52712
52715
52716
52718
52719
52720
52721
52722
52723
52726
52727
52740
52744
52746
52748
52749
52750
52753
52754
52758
52763
52766
52772
52773
52776
52778
52779
52786
52788
52791
52793
52802
52803
52811
52818
52819
52821
52824
52831
52835
52836
52840
52844
52846
52870
52894
52916
52927
52935
52945
52949
52952
52962
52964
52965
52966
52969
52973
52975
52980
52994
52995
52999
53000
53002
53004
53006
53007
53016
53023
53025
53026
53031
53039
53040
53041
53047
53050
53056
53061
53063
53064
53066
53069
53076
53089
53099
53100
53106
53111
53120
53132
53155
53158
53160
53162
53163
53167
53175
53179
53180
53182
53186
53187
53189
53190
53195
53196
53197
53198
53200
53202
53204
53209
53210
53211
53213
53215
53219
53220
53224
53229
53232
53234
53235
53236
53239
53244
53246
53247
53249
53251
53252
53254
53256
53260
53265
53267
53270
53274
53279
53289
53297
53300
53307
53310
53311
53323
53326
53331
53333
53351
53352
53353
53360
53362
53363
53367
53382
53383
53387
53390
53402
53405
53412
53415
53420
53421
53434
53437
53438
53440
53441
53443
53448
53456
53463
53464
53465
53473
53477
53481
53482
53485
53489
53496
53499
53506
53512
53513
53514
53516
53517
53518
53519
53520
53527
53529
53530
53535
53536
53537
53539
53544
53550
53558
53560
53566
53569
53571
53580
53584
53592
53600
53602
53603
53606
53619
53636
53640
53648
53663
53666
53674
53690
53693
53696
53700
53716
53717
53718
53721
53723
53734
53737
53742
53744
53749
53752
53760
53761
53771
53775
53776
53780
53781
53797
53801
53802
53806
53808
53810
53811
53815
53821
53824
53825
53829
53836
53838
53839
53842
53843
53847
53848
53849
53850
53852
53857
53862
53865
53873
53875
53876
53879
53882
53886
53888
53889
53905
53906
53908
53920
53925
53937
53952
53959
53961
53963
53964
53966
53968
53971
53975
53977
53978
53979
53982
53983
53998
53999
54000
54007
54010
54013
54015
54017
54019
54020
54038
54043
54061
54066
54067
54068
54072
54074
54079
54082
54085
54086
54087
54098
54100
54103
54104
54110
54113
54115
54118
54122
54137
54146
54150
54154
54163
54169
54175
54176
54187
54189
54194
54197
54206
54222
54226
54228
54229
54234
54239
54246
54249
54250
54253
54261
54262
54263
54269
54271
54275
54276
54289
54291
54300
54305
54309
54316
54318
54325
54328
54330
54331
54332
54334
54341
54350
54352
54364
54371
54374
54380
54383
54395
54398
54401
54402
54408
54423
54424
54432
54436
54438
54442
54451
54452
54453
54460
54465
54467
54473
54474
54475
54477
54483
54484
54493
54497
54507
54510
54511
54512
54513
54514
54520
54521
54532
54537
54550
54558
54565
54566
54570
54575
54583
54584
54585
54589
54590
54597
54604
54606
54607
54612
54621
54623
54627
54632
54634
54635
54645
54646
54662
54678
54687
54690
54697
54701
54704
54714
54716
54720
54724
54726
54728
54733
54739
54742
54745
54746
54747
54749
54751
54759
54763
54766
54767
54768
54776
54777
54780
54782
54790
54798
54804
54806
54820
54825
54828
54832
54835
54838
54842
54843
54845
54849
54853
54854
54861
54864
54876
54888
54891
54893
54911
54916
54918
54928
54938
54939
54947
54967
54969
54971
54974
54976
54987
54989
54994
55000
55007
55012
55021
55023
55024
55027
55032
55034
55037
55039
55042
55043
55052
55056
55058
55060
55061
55063
55064
55071
55074
55079
55082
55083
55087
55090
55104
55130
55139
55146
55161
55163
55166
55183
55202
55204
55208
55212
55214
55215
55227
55228
55229
55234
55235
55240
55241
55248
55251
55264
55270
55277
55282
55284
55289
55290
55302
55311
55315
55317
55321
55328
55330
55331
55333
55342
55348
55349
55364
55365
55378
55381
55383
55394
55395
55418
55428
55446
55447
55448
55452
55466
55469
55489
55492
55494
55506
55511
55514
55529
55532
55537
55550
55560
55565
55590
55591
55603
55607
55615
55624
55632
55634
55636
55640
55642
55646
55648
55650
55653
55654
55661
55666
55683
55685
55694
55705
55708
55709
55715
55718
55719
55723
55731
55735
55739
55750
55757
55763
55772
55774
55786
55790
55792
55794
55795
55804
55806
55810
55817
55822
55829
55834
55844
55846
55857
60005
60008
60032
60034
60047
60049
60052
60053
60057
60061
60065
60070
60080
60091
60092
60094
60111
60119
60120
60127
60137
60138
60143
60144
60149
60165
60176
60200
60204
60205
60207
60215
60219
60224
60236
60239
60240
60244
60252
60262
60274
60279
60301
60302
60306
60315
60321
60323
60327
60336
60338
60345
60347
60368
60371
60373
60383
60396
60408
60417
60421
60423
60424
60429
60435
60444
60459
60461
60462
60466
60468
60470
60481
60483
60488
60497
60498
60504
60507
60531
60533
60538
60551
60556
60560
60562
60574
60576
60578
60592
60595
60599
60601
60607
60614
60622
60625
60629
60631
60633
60634
60635
60636
60641
60646
60649
60659
60663
60664
60681
60690
60691
60692
60694
60695
60699
60704
60721
60724
60730
60738
60741
60745
60748
60750
60751
60752
60756
60757
60760
60764
60767
60771
60772
60782
60792
60795
60813
60814
60817
60821
60825
60832
60833
60835
60841
60855
60856
60858
60865
60888
60914
60915
60922
60940
60954
60955
60956
60961
60983
60991
60992
61006
61012
61019
61020
61022
61027
61055
61070
61076
61077
61083
61087
61097
61103
61108
61111
61112
61124
61128
61138
61139
61143
61148
61161
61166
61167
61168
61177
61182
61186
61188
61191
61196
61201
61202
61212
61213
61214
61224
61225
61231
61241
61243
61248
61257
61262
61264
61268
61271
61272
61275
61281
61283
61286
61288
61291
61292
61304
61306
61313
61316
61317
61321
61331
61336
61339
61341
61344
61364
61373
61376
61378
61385
61388
61389
61396
61400
61404
61416
61421
61426
61432
61438
61443
61448
61452
61466
61469
61480
61481
61491
61496
61509
61513
61520
61528
61529
61537
61538
61539
61540
61545
61550
61562
61584
61593
61606
61608
61613
61614
61616
61630
61643
61644
61645
61655
61658
61662
61666
61678
61687
61690
61695
61697
61709
61711
61721
61724
61728
61750
61758
61760
61768
61770
61776
61785
61790
61796
61802
61821
61822
61844
61845
61863
61865
61872
61878
61880
61881
61897
61911
61923
61931
61934
61936
61939
61949
61961
61970
61988
61990
61991
61998
62000
62002
62005
62015
62020
62031
62059
62061
62065
62068
62069
62070
62089
62093
62096
62104
62111
62123
62125
62133
62134
62139
62142
62151
62158
62162
62166
62172
62173
62186
62193
62201
62217
62228
62231
62238
62248
62255
62256
62257
62266
62269
62277
62278
62287
62288
62290
62292
62296
62303
62308
62311
62319
62322
62326
62337
62341
62349
62350
62356
62358
62364
62372
62378
62380
62382
62386
62387
62389
62390
62401
62408
62412
62416
62419
62424
62446
62453
62459
62462
62464
62468
62470
62471
62472
62475
62478
62481
62482
62490
62498
62499
62504
62511
62517
62525
62529
62539
62547
62550
62558
62559
62561
62562
62575
62585
62590
62603
62612
62617
62618
62620
62624
62633
62634
62642
62643
62645
62648
62651
62657
62669
62670
62671
62676
62680
62691
62701
62707
62725
62730
62731
62732
62733
62735
62740
62743
62750
62760
62761
62764
62766
62767
62771
62779
62793
62796
62807
62810
62812
62823
62825
62826
62827
62838
62840
62843
62844
62852
62875
62877
62888
62896
62907
62915
62942
62949
62960
62962
62981
62983
62997
63001
63009
63010
63014
63015
63022
63029
63035
63053
63060
63066
63067
63075
63076
63079
63085
63095
63096
1000000
1000003
1000011
1000013
1000017
1000018
1000020
1000021
1000023
1000033
1000034
1000035
1000051
1000054
1000055
1000060
1000068
1000069
1000071
1000078
1000079
1000082
1000087
1000090
1000096
1000097
1000110
1000114
1000127
1000142
1000143
1000149
1000155
1000163
1000167
1000169
1000172
1000179
1000183
1000185
1000196
1000198
1000203
1000204
1000222
1000231
1000245
1000249
1000251
1000262
1000276
1000281
1000285
1000299
1000315
1000328
1000331
1000336
1000360
1000361
1000377
1000387
1000393
1000395
1000398
1000407
1000410
1000413
1000418
1000419
1000441
1000442
1000443
1000450
1000455
1000463
1000467
1000490
1000491
1000492
1000501
1000505
1000506
1000512
1000533
1000536
1000541
1000542
1000543
1000544
1000545
1000546
1000553
1000555
1000559
1000563
1000564
1000566
1000567
1000568
1000575
1000590
1000597
1000601
1000608
1000609
1000612
1000613
1000617
1000618
1000630
1000632
1000637
1000644
1000646
1000651
1000654
1000661
1000666
1000668
1000670
1000675
1000676
1000678
1000679
1000694
1000695
1000701
1000707
1000708
1000709
1000724
1000725
1000727
1000730
1000734
1000737
1000739
1000747
1000764
1000767
1000769
1000773
1000785
1000792
1000797
1000799
1000801
1000811
1000812
1000813
1000814
1000839
1000851
1000858
1000860
1000869
1000875
1000876
1000890
1000902
1000903
1000906
1000911
1000912
1000919
1000927
1000928
1000929
1000930
1000932
1000935
1000945
1000948
1000951
1000953
1000954
1000957
1000959
1000963
1000966
1000969
1000971
1000977
1000979
1000983
1000989
1000995
1001034
1001066
1001086
1001118
1001131
1001132
1001133
1001139
1001142
1001143
1001145
1001187
1001201
1001216
1001218
1001231
1001240
1001291
1001299
1001319
1001325
1001347
1001351
1001354
1001361
1001363
1001390
1001396
1001398
1001404
1001405
1001406
1001407
1001408
1001414
1001421
1001422
1001423
1001426
1001428
1001429
1001430
1001432
1001433
1001434
1001439
1001441
1001442
1001443
1001444
1001445
1001446
1001447
1001449
1001451
1001452
1001453
1001454
1001463
1001473
1001479
1001487
1001496
1001502
1001518
1001521
1001527
1001530
1001534
1001538
1001540
1001541
1001548
1001549
1001550
1001552
1001557
1001558
1001562
1001567
1001575
1001584
1001586
1001591
1001595
1001596
1001599
1001601
1001604
1001612
1001619
1001634
1001635
1001643
1001645
1001649
1001653
1001662
1001708
1001738
1001739
1001742
1001751
1001757
1001758
1001760
1001767
1001769
1001775
1001777
1001778
1001780
1001782
1001783
1001784
1001785
1001788
1001789
1001791
1001792
1001806
1001862
1001864
1001865
1001881
1001883
1001886
1001894
1001895
1001937
1001938
1001965
1001966
1001967
1002001
1002004
1002005
1002006
1002009
1002015
1002019
1002026
1002027
1002029
1002030
1002032
1002033
1002035
1002038
1002040
1002051
1002063
1002071
1002075
1002085
1002094
1002097
1002098
1002099
1002100
1002101
1002102
1002104
1002105
1002106
1002107
1002108
1002109
1002110
1002111
1002112
1002113
1002114
1002115
1002118
1002119
1002121
1002122
1002123
1002125
1002126
1002134
1002141
1002142
1002143
1002145
1002146
1002147
1002149
1002152
1002153
1002156
1002157
1002158
1002159
1002160
1002161
1002162
1002164
1002165
1002167
1002168
1002171
1002172
1002179
1002182
1002183
1002185
1002188
1002189
1002190
1002191
1002193
1002194
1002195
1002197
1002198
1002199
1002205
1002210
1002211
1002216
1002220
1002224
1002225
1002230
1002231
1002256
1002259
1002271
1002277
1002282
1002287
1002290
1002294
1002306
1002317
1002320
1002322
1002359
1002374
1002379
1002398
1002399
1002404
1002405
1002406
1002411
1002417
1002432
1002436
1002437
1002444
1002452
1002454
1002457
1002462
1002463
1002469
1002473
1002481
1002483
1002484
1002485
1002486
1002487
1002494
1002500
1002503
1002512
1002527
1002538
1002540
1002545
1002566
1002577
1002586
1002588
1002589
1002610
1002616
1002617
1002620
1002626
1002630
1002638
1002639
1002648
1002651
1002655
1002658
1002665
1002669
1002674
1002679
1002698
1002710
1002711
1002713
1002715
1002718
1002730
1002732
1002743
1002754
1002755
1002758
1002765
1002771
1002776
1002784
1002785
1002796
1002802
1002804
1002814
1002815
1002821
1002822
1002823
1002828
1002829
1002831
1002833
1002834
1002842
1002843
1002844
1002855
1002856
1002857
1002873
1002874
1002876
1002900
1002904
1002906
1002920
1002921
1002926
1002929
1002930
1002933
1002938
1002949
1002970
1002972
1002979
1002982
1003039
1003045
1003046
1003047
1003054
1003055
1003060
1003061
1003069
1003086
1003087
1003088
1003091
1003095
1003097
1003099
1003100
1003105
1003108
1003123
1003130
1003139
1003158
1003162
1003163
1003165
1003168
1003186
1003190
1003191
1003194
1003200
1003230
1003233
1003252
1003257
1003267
1003274
1003292
1003299
1003302
1003312
1003318
1003319
1003321
1003331
1003332
1003333
1003334
1003339
1003342
1003345
1003358
1003374
1003375
1003376
1003377
1003378
1003385
1003386
1003387
1003388
1003389
1003395
1003396
1003397
1003402
1003415
1003416
1003418
1003420
1003425
1003427
1003429
1003433
1003440
1003447
1003452
1003459
1003468
1003472
1003473
1003479
1003481
1003484
1003493
1003495
1003500
1003510
1003512
1003525
1003539
1003540
1003553
1003555
1003556
1003557
1003559
1003560
1003561
1003565
1003566
1003567
1003568
1003572
1003575
1003588
1003596
1003606
1003619
1003620
1003621
1003622
1003623
1003624
1003625
1003626
1003627
1003628
1003629
1003630
1003631
1003632
1003633
1003634
1003635
1003636
1003647
1003648
1003654
1003655
1003658
1003678
1003691
1003694
1003695
1003696
1003698
1003701
1003708
1003709
1003715
1003718
1003729
1003730
1003732
1003737
1003739
1003741
1003744
1003747
1003749
1003754
1003762
1003800
1003801
1003804
1003816
1003818
1003836
1003841
1003842
1003848
1003862
1003863
1003874
1003887
1003888
1003890
1003897
1003900
1003905
1003907
1003908
1003910
1003917
1003925
1003935
1003936
1003937
1003939
1003944
1003945
1003949
1003956
1003962
1003963
1003964
1003966
1003967
1003975
1003976
1003977
1003978
1003979
1003980
1003981
1003982
1003983
1003984
1003985
1003986
1003987
1003988
1003998
1004001
1004003
1004006
1004007
1004009
1004011
1004012
1004014
1004015
1004016
1004017
1004018
1004019
1004023
1004024
1004027
1004028
1004032
1004033
1004034
1004037
1004039
1004040
1004041
1004042
1004043
1004044
1004045
1004046
1004051
1004052
1004053
1004054
1004055
1004056
1004058
1004059
1004064
1004065
1004066
1004067
1004068
1004069
1004074
1004078
1004080
1004087
1004089
1004090
1004096
1004104
1004105
1004112
1004116
1004117
1004120
1004121
1004128
1004129
1004132
1004133
1004134
1004140
1004141
1004150
1004156
1004164
1004180
1004189
1004190
1004194
1004196
1004199
1004203
1004205
1004215
1004216
1004220
1004221
1004225
1004232
1004234
1004235
1004237
1004239
1004243
1004258
1004268
1004293
1004294
1004301
1004304
1004307
1004312
1004314
1004316
1004344
1004346
1004358
1004360
1004381
1004408
1004428
1004439
1004467
1004471
1004479
1004480
1004481
1004487
1004492
1004499
1004501
1004505
1004507
1004514
1004519
1004520
1004523
1004524
1004546
1004549
1004552
1004555
1004557
1004561
1004562
1004563
1004568
1004570
1004572
1004575
1004579
1004582
1004583
1004585
1004588
1004590
1004591
1004593
1004596
1004597
1004600
1004623
1004626
1004628
1004632
1004634
1004635
1004636
1004648
1004649
1004663
1004666
1004669
1004671
1004673
1004674
1004679
1004680
1004683
1004690
1004694
1004704
1004707
1004728
1004730
1004733
1004740
1004741
1004743
1004744
1004746
1004747
1004752
1004758
1004764
1004771
1004776
1004782
1004787
1004788
1004789
1004816
1004827
1004830
1004831
1004841
1004842
1004844
1004850
1004853
1004856
1004860
1004861
1004862
1004865
1004870
1004877
1004879
1004884
1004894
1004895
1004897
1004905
1004907
1004909
1004911
1004918
1004919
1004920
1004922
1004923
1004925
1004926
1004927
1004934
1004936
1004941
1004942
1004944
1004946
1004947
1004948
1004950
1004951
1004956
1004969
1004973
1004981
1004986
1004990
1004991
1004995
1005004
1005006
1005017
1005018
1005019
1005020
1005038
1005042
1005045
1005046
1005049
1005055
1005058
1005060
1005061
1005062
1005063
1005064
1005065
1005076
1005083
1005084
1005092
1005093
1005094
1005095
1005098
1005101
1005104
1005106
1005111
1005112
1005119
1005127
1005128
1005140
1005144
1005152
1005154
1005156
1005160
1005163
1005167
1005171
1005179
1005190
1005193
1005204
1005208
1005213
1005218
1005219
1005224
1005226
1005229
1005238
1005244
1005248
1005249
1005252
1005255
1005259
1005266
1005267
1005279
1005282
1005284
1005285
1005287
1005291
1005322
1005324
1005325
1005328
1005334
1005344
1005361
1005368
1005375
1005383
1005384
1005389
1005390
1005398
1005405
1005409
1005410
1005414
1005424
1005440
1005444
1005457
1005462
1005464
1005466
1005469
1005472
1005489
1005493
1005497
1005499
1005501
1005503
1005510
1005513
1005514
1005519
1005521
1005522
1005523
1005524
1005525
1005527
1005528
1005529
1005533
1005552
1005557
1005558
1005567
1005572
1005584
1005585
1005594
1005595
1005598
1005609
1005610
1005611
1005612
1005613
1005615
1005619
1005620
1005621
1005626
1005636
1005637
1005641
1005649
1005662
1005666
1005674
1005681
1005701
1005703
1005711
1005714
1005722
1005724
1005725
1005728
1005731
1005733
1005736
1005737
1005748
1005749
1005750
1005751
1005755
1005786
1005791
1005796
1005805
1005806
1005808
1005809
1005820
1005841
1005846
1005848
1005849
1005852
1005855
1005856
1005859
1005867
1005871
1005876
1005878
1005882
1005887
1005894
1005895
1005899
1005905
1005906
1005908
1005917
1005923
1005927
1005930
1005931
1005932
1005934
1005946
1005950
1005952
1005954
1005960
1005964
1005971
1005978
1005980
1005984
1005985
1005986
1005987
1005988
1005990
1005991
1005993
1005997
1006002
1006003
1006006
1006012
1006013
1006014
1006016
1006022
1006031
1006034
1006035
1006036
1006041
1006046
1006054
1006059
1006070
1006072
1006073
1006075
1006086
1006087
1006095
1006096
1006097
1006098
1006105
1006108
1006115
1006118
1006119
1006121
1006122
1006125
1006128
1006129
1006130
1006131
1006147
1006150
1006152
1006154
1006156
1006160
1006164
1006165
1006167
1006171
1006180
1006182
1006183
1006191
1006192
1006194
1006200
1006204
1006206
1006213
1006219
1006220
1006222
1006226
1006229
1006230
1006231
1006233
1006234
1006237
1006242
1006251
1006252
1006253
1006255
1006256
1006261
1006270
1006271
1006277
1006285
1006286
1006287
1006289
1006291
1006297
1006303
1006305
1006312
1006313
1006315
1006316
1006320
1006327
1006334
1006352
1006356
1006359
1006361
1006362
1006364
1006366
1006373
1006374
1006375
1006377
1006379
1006381
1006398
1006402
1006404
1006410
1006412
1006417
1006418
1006423
1006426
1006428
1006429
1006431
1006434
1006437
1006445
1006447
1006456
1006458
1006460
1006469
1006475
1006478
1006479
1006480
1006485
1006486
1006494
1006500
1006501
1006502
1006505
1006508
1006510
1006516
1006523
1006524
1006526
1006527
1006529
1006530
1006535
1006536
1006537
1006548
1006552
1006554
1006555
1006557
1006563
1006566
1006569
1006575
1006580
1006582
1006592
1006593
1006597
1006600
1006606
1006615
1006616
1006618
1006619
1006621
1006622
1006625
1006628
1006639
1006645
1006648
1006655
1006667
1006668
1006669
1006670
1006672
1006673
1006682
1006686
1006697
1006710
1006712
1006716
1006717
1006722
1006723
1006725
1006727
1006736
1006740
1006743
1006745
1006749
1006751
1006752
1006756
1006758
1006764
1006767
1006768
1006770
1006779
1006784
1006785
1006788
1006789
1006790
1006791
1006792
1006793
